0 0.499805 0.689931 0.008984 0.049306
0 0.509570 0.688889 0.010547 0.036111
0 0.510742 0.660069 0.009766 0.036806
0 0.536133 0.684028 0.011328 0.040278
0 0.665820 0.736806 0.007422 0.047222
0 0.682617 0.736806 0.006641 0.036111
0 0.799609 0.751736 0.019531 0.046528
0 0.876953 0.782292 0.022656 0.060417
0 0.923047 0.797569 0.028125 0.045139
0 0.883594 0.697222 0.007812 0.034722
0 0.901563 0.734722 0.004687 0.040278
0 0.873828 0.662847 0.009375 0.042361
0 0.942187 0.594444 0.010156 0.043056
1 0.839648 0.449653 0.027734 0.065972
1 0.626953 0.390278 0.042969 0.052778
1 0.787891 0.339583 0.021875 0.040278
0 0.420898 0.734722 0.008984 0.045833
0 0.629297 0.916319 0.014063 0.050694
