1 0.268229 0.474537 0.061458 0.058333
1 0.764844 0.306481 0.028646 0.031481
4 0.021875 0.509722 0.011458 0.023148
0 0.269531 0.590278 0.006771 0.030556
0 0.284635 0.572685 0.006771 0.032407
0 0.530729 0.685648 0.012500 0.043519
0 0.567708 0.651389 0.014583 0.036111
0 0.542969 0.634722 0.008854 0.045370
0 0.865104 0.775463 0.010417 0.037963
0 0.808594 0.806481 0.006771 0.042593
0 0.856250 0.882407 0.010417 0.046296
0 0.918229 0.825926 0.010417 0.035185
0 0.892448 0.798611 0.007812 0.052778
0 0.924740 0.695833 0.011979 0.047222
0 0.718490 0.570370 0.009896 0.037037
0 0.706771 0.560648 0.010417 0.045370
0 0.725781 0.655093 0.007812 0.036111
0 0.620573 0.551852 0.008854 0.033333
0 0.761979 0.480093 0.007292 0.034259
0 0.742969 0.475926 0.006771 0.037037
0 0.787500 0.511574 0.009375 0.034259
0 0.805990 0.518981 0.008854 0.043519
0 0.815365 0.514815 0.008854 0.033333
0 0.829167 0.520370 0.005208 0.033333
0 0.838802 0.497222 0.006771 0.035185
0 0.857031 0.507407 0.005729 0.037037
0 0.867969 0.482407 0.009896 0.024074
0 0.079167 0.674074 0.009375 0.027778
