0 0.885417 0.856944 0.013542 0.063889
0 0.793750 0.731019 0.010417 0.043519
0 0.756250 0.621296 0.011458 0.031481
0 0.718490 0.598148 0.006771 0.033333
0 0.708854 0.535185 0.010417 0.040741
0 0.604167 0.587963 0.007292 0.040741
0 0.586458 0.475926 0.013542 0.037037
0 0.841927 0.573148 0.007812 0.040741
0 0.814323 0.525463 0.017188 0.049074
0 0.897396 0.492593 0.013542 0.053704
0 0.875781 0.577778 0.007812 0.025926
0 0.894271 0.579167 0.007292 0.039815
0 0.777865 0.378704 0.007812 0.033333
0 0.566927 0.430556 0.007812 0.027778
0 0.244531 0.817130 0.010937 0.047222
0 0.123177 0.714815 0.010937 0.038889
0 0.034375 0.556019 0.007292 0.030556
0 0.955469 0.931019 0.008854 0.047222
0 0.946875 0.837500 0.005208 0.052778
0 0.966146 0.814352 0.012500 0.025000
1 0.394792 0.688889 0.067708 0.166667
1 0.239583 0.482870 0.061458 0.052778
1 0.651302 0.406944 0.045312 0.052778
1 0.621875 0.429167 0.017708 0.041667
1 0.299479 0.750463 0.045833 0.099074
3 0.234896 0.777778 0.081250 0.087037
3 0.528385 0.438426 0.043229 0.050926
