0 0.538802 0.904167 0.011979 0.043519
0 0.523438 0.833333 0.015625 0.044444
0 0.760417 0.496759 0.010417 0.037963
0 0.901823 0.603704 0.007812 0.038889
0 0.969010 0.706019 0.010937 0.047222
0 0.943490 0.789815 0.015104 0.055556
0 0.585938 0.534722 0.012500 0.036111
0 0.610156 0.521296 0.013021 0.037037
0 0.272135 0.974074 0.014063 0.051852
1 0.757812 0.414352 0.058333 0.067593
1 0.822917 0.441667 0.031250 0.085185
1 0.949219 0.480093 0.032813 0.041667
1 0.108073 0.575926 0.069271 0.051852
1 0.045312 0.657870 0.034375 0.067593
1 0.097396 0.513889 0.048958 0.046296
