0 0.383203 0.658681 0.014844 0.039583
0 0.792383 0.734722 0.008203 0.045833
0 0.807617 0.726042 0.013672 0.046528
0 0.862695 0.819792 0.010547 0.046528
0 0.851758 0.753472 0.011328 0.040278
0 0.879687 0.750000 0.017969 0.036111
0 0.928320 0.813889 0.021484 0.066667
0 0.721289 0.608681 0.010547 0.046528
0 0.700195 0.527083 0.012109 0.041667
0 0.681055 0.547917 0.011328 0.037500
1 0.776758 0.432292 0.048047 0.060417
1 0.349609 0.844444 0.079687 0.219444
1 0.091406 0.670833 0.036719 0.061111
1 0.482031 0.396875 0.023438 0.045139
1 0.597266 0.509722 0.037500 0.059722
3 0.905469 0.381597 0.034375 0.043750
