0 0.492188 0.708796 0.014583 0.052778
0 0.770833 0.757407 0.007292 0.046296
0 0.772656 0.693056 0.013021 0.047222
0 0.745573 0.683333 0.011979 0.059259
0 0.727604 0.729167 0.017708 0.043519
0 0.791927 0.694444 0.017188 0.050000
0 0.770573 0.460185 0.009896 0.031481
0 0.559896 0.501852 0.016667 0.038889
0 0.533073 0.489815 0.009896 0.033333
0 0.742969 0.556481 0.006771 0.042593
0 0.779687 0.524074 0.007292 0.037037
0 0.804167 0.533796 0.015625 0.049074
0 0.848958 0.518519 0.010417 0.037037
1 0.119792 0.574537 0.042708 0.037963
