1 0.044271 0.637963 0.032292 0.075926
1 0.355729 0.793056 0.090625 0.154630
0 0.622135 0.393056 0.004687 0.025000
0 0.672135 0.725926 0.010937 0.044444
0 0.424740 0.864352 0.011979 0.037963
0 0.346094 0.779167 0.016146 0.039815
0 0.340625 0.742593 0.015625 0.029630
0 0.375781 0.784259 0.011979 0.042593
0 0.394010 0.812500 0.010937 0.037963
0 0.261719 0.917130 0.017188 0.054630
0 0.207292 0.916204 0.012500 0.043519
0 0.231771 0.948611 0.016667 0.049074
0 0.218229 0.931944 0.012500 0.056481
0 0.846094 0.634259 0.005729 0.051852
0 0.880208 0.615278 0.013542 0.052778
0 0.755990 0.565278 0.018229 0.049074
0 0.555990 0.531481 0.011979 0.029630
0 0.536458 0.533333 0.009375 0.037037
0 0.321615 0.601852 0.011979 0.042593
0 0.379688 0.519444 0.010417 0.024074
0 0.896875 0.682870 0.008333 0.049074
