1 0.357292 0.687963 0.090625 0.120370
3 0.779948 0.353704 0.027604 0.053704
0 0.650781 0.537963 0.006771 0.037037
0 0.801302 0.577778 0.011979 0.048148
0 0.808333 0.540278 0.009375 0.032407
0 0.811198 0.467593 0.006771 0.038889
0 0.834115 0.487963 0.011979 0.038889
0 0.860417 0.545370 0.011458 0.040741
0 0.838021 0.835185 0.010417 0.053704
0 0.888021 0.762500 0.011458 0.025000
0 0.955208 0.938426 0.015625 0.043519
0 0.873437 0.383333 0.010417 0.029630
0 0.834896 0.358333 0.023958 0.029630
0 0.652083 0.643981 0.008333 0.050926
0 0.522917 0.550000 0.010417 0.042593
0 0.551042 0.540278 0.009375 0.043519
0 0.577344 0.542593 0.007812 0.046296
