0 0.414062 0.660648 0.006250 0.037963
0 0.445312 0.656019 0.006250 0.041667
0 0.571875 0.537037 0.008333 0.037037
0 0.423438 0.546296 0.007292 0.037037
0 0.395833 0.490741 0.010417 0.029630
0 0.291667 0.569907 0.007292 0.028704
0 0.302604 0.587963 0.008333 0.035185
0 0.717708 0.583333 0.009375 0.037037
0 0.591927 0.415278 0.006771 0.028704
0 0.568750 0.436111 0.008333 0.027778
0 0.166667 0.581944 0.007292 0.028704
0 0.236198 0.566667 0.013021 0.033333
0 0.078906 0.721759 0.016146 0.039815
0 0.338802 0.439815 0.006771 0.027778
1 0.044792 0.637963 0.031250 0.072222
3 0.351302 0.409259 0.029687 0.035185
