1 0.595703 0.507986 0.039062 0.050694
1 0.522656 0.547917 0.057813 0.061111
1 0.486133 0.517361 0.034766 0.066667
1 0.503516 0.372917 0.039062 0.051389
0 0.660742 0.798958 0.009766 0.042361
0 0.675977 0.793056 0.008203 0.041667
0 0.730664 0.775347 0.011328 0.046528
0 0.749805 0.797569 0.012109 0.050694
0 0.728711 0.884375 0.007422 0.050694
0 0.737109 0.935069 0.010156 0.042361
0 0.701562 0.582639 0.017188 0.048611
0 0.776953 0.507292 0.017969 0.025694
0 0.929102 0.547917 0.009766 0.040278
3 0.936523 0.652083 0.065234 0.104167
