0 0.645052 0.818981 0.011979 0.052778
0 0.715104 0.798148 0.013542 0.051852
0 0.767708 0.808796 0.010417 0.060185
0 0.774479 0.875926 0.010417 0.037037
0 0.849219 0.893056 0.006771 0.034259
0 0.838281 0.949074 0.009896 0.057407
0 0.886719 0.749537 0.008854 0.052778
0 0.863802 0.631481 0.008854 0.038889
0 0.877865 0.638889 0.011979 0.050000
0 0.702604 0.651389 0.010417 0.030556
0 0.675000 0.649537 0.007292 0.047222
0 0.727344 0.603704 0.009896 0.035185
0 0.710938 0.602315 0.006250 0.032407
0 0.731771 0.564352 0.006250 0.030556
0 0.718750 0.526389 0.009375 0.041667
0 0.661458 0.525463 0.009375 0.037963
0 0.636458 0.512500 0.008333 0.037963
0 0.782292 0.491667 0.011458 0.042593
0 0.809896 0.530556 0.011458 0.042593
0 0.864323 0.507407 0.006771 0.037037
0 0.500000 0.490278 0.011458 0.034259
0 0.536198 0.459722 0.006771 0.036111
0 0.525781 0.489815 0.010937 0.020370
0 0.477344 0.706481 0.007812 0.055556
0 0.453125 0.793519 0.013542 0.050000
0 0.500781 0.760185 0.008854 0.050000
0 0.515625 0.780556 0.009375 0.037037
0 0.571354 0.751389 0.014583 0.045370
0 0.276302 0.591204 0.014063 0.047222
0 0.325521 0.554630 0.008333 0.027778
0 0.383594 0.513426 0.007812 0.030556
0 0.395052 0.511111 0.007812 0.022222
0 0.974740 0.749537 0.011979 0.039815
0 0.894010 0.896759 0.014063 0.034259
4 0.021615 0.512500 0.013021 0.023148
1 0.337240 0.458333 0.055729 0.051852
1 0.430729 0.446759 0.056250 0.039815
1 0.765365 0.304167 0.027604 0.032407
