1 0.335938 0.776736 0.110937 0.113194
1 0.152344 0.723611 0.053125 0.100000
0 0.382812 0.689583 0.017188 0.040278
0 0.568555 0.638542 0.011328 0.053472
0 0.595898 0.642708 0.010547 0.039583
0 0.755273 0.712153 0.012109 0.061806
0 0.765430 0.660764 0.009766 0.028472
0 0.771680 0.948611 0.008984 0.058333
0 0.858789 0.752778 0.010547 0.044444
0 0.877539 0.773611 0.012109 0.037500
0 0.956445 0.822569 0.015234 0.052083
0 0.454688 0.568056 0.013281 0.040278
0 0.064844 0.618750 0.016406 0.061111
0 0.524609 0.891319 0.014844 0.056250
