1 0.488542 0.374537 0.021875 0.049074
3 0.338021 0.918519 0.109375 0.118519
0 0.171094 0.832407 0.013021 0.046296
0 0.202344 0.891667 0.013021 0.042593
0 0.272917 0.981481 0.013542 0.037037
0 0.369531 0.509259 0.010937 0.029630
0 0.450521 0.748148 0.011458 0.040741
0 0.506510 0.737963 0.008854 0.037037
0 0.519010 0.733796 0.010937 0.028704
0 0.755208 0.556481 0.010417 0.046296
0 0.665625 0.553241 0.012500 0.037963
0 0.523698 0.552778 0.011979 0.031481
0 0.547396 0.485185 0.008333 0.044444
0 0.590365 0.420370 0.006771 0.025926
0 0.628385 0.401389 0.007812 0.032407
0 0.875260 0.568056 0.006771 0.043519
0 0.888021 0.577315 0.008333 0.030556
0 0.817708 0.506944 0.007292 0.037963
0 0.916927 0.480556 0.017188 0.038889
