1 0.110156 0.575000 0.067187 0.050000
1 0.962240 0.622222 0.071354 0.118519
0 0.935156 0.663889 0.015104 0.042593
0 0.919792 0.646296 0.010417 0.046296
0 0.965104 0.751852 0.010417 0.035185
0 0.993229 0.903241 0.013542 0.052778
0 0.516146 0.901389 0.012500 0.054630
0 0.497396 0.736574 0.018750 0.047222
0 0.418229 0.630093 0.010417 0.032407
0 0.399219 0.658796 0.014063 0.039815
0 0.333073 0.725000 0.010937 0.042593
0 0.285156 0.725926 0.014063 0.042593
0 0.532813 0.802778 0.007292 0.038889
0 0.585938 0.875463 0.014583 0.028704
0 0.569531 0.915278 0.013021 0.028704
1 0.254167 0.450926 0.026042 0.037037
1 0.188281 0.497685 0.036979 0.043519
