1 0.355208 0.689352 0.091667 0.117593
3 0.783854 0.348148 0.025000 0.051852
0 0.474479 0.704630 0.008333 0.046296
0 0.484375 0.706944 0.009375 0.037963
0 0.651823 0.645833 0.007812 0.054630
0 0.661719 0.540741 0.009896 0.050000
0 0.804167 0.544907 0.013542 0.045370
0 0.841927 0.500463 0.009896 0.037963
0 0.812760 0.463426 0.010937 0.041667
0 0.802083 0.419907 0.007292 0.030556
0 0.854427 0.379630 0.020313 0.031481
0 0.875000 0.374074 0.009375 0.042593
0 0.856771 0.645370 0.014583 0.053704
0 0.915625 0.745370 0.008333 0.040741
0 0.865625 0.530093 0.012500 0.039815
0 0.396094 0.610185 0.009896 0.035185
