1 0.317188 0.529630 0.098958 0.066667
1 0.965625 0.631944 0.044792 0.065741
0 0.389323 0.628704 0.014063 0.035185
0 0.443750 0.697685 0.009375 0.041667
0 0.534115 0.656481 0.011979 0.038889
0 0.546094 0.673611 0.008854 0.030556
0 0.574740 0.660648 0.009896 0.041667
0 0.602865 0.684722 0.014063 0.030556
0 0.629167 0.668519 0.009375 0.040741
0 0.770312 0.785648 0.008333 0.047222
0 0.776563 0.793519 0.008333 0.038889
0 0.849740 0.829167 0.007812 0.052778
0 0.683333 0.410648 0.005208 0.023148
0 0.708333 0.409722 0.009375 0.039815
0 0.859375 0.382870 0.007292 0.030556
0 0.491146 0.501389 0.007292 0.028704
0 0.626563 0.386574 0.006250 0.019444
0 0.639062 0.372222 0.004167 0.022222
0 0.906250 0.696296 0.009375 0.038889
0 0.949219 0.743056 0.008854 0.021296
0 0.646875 0.599074 0.015625 0.025926
0 0.608333 0.485185 0.008333 0.029630
0 0.643229 0.526852 0.008333 0.035185
1 0.829167 0.302778 0.029167 0.029630
