1 0.489063 0.381019 0.022917 0.058333
1 0.611458 0.393519 0.041667 0.053704
1 0.950000 0.480093 0.041667 0.050926
1 0.860417 0.433796 0.018750 0.045370
4 0.021094 0.516204 0.010937 0.025000
0 0.414323 0.678704 0.008854 0.037037
0 0.638802 0.566667 0.009896 0.038889
0 0.731510 0.458796 0.011979 0.063889
0 0.831510 0.567593 0.013021 0.037037
0 0.289323 0.981944 0.019271 0.036111
0 0.750000 0.519907 0.010417 0.047222
0 0.878385 0.839815 0.010937 0.042593
0 0.897656 0.851852 0.009896 0.050000
0 0.963281 0.866667 0.010937 0.046296
0 0.944531 0.791204 0.017188 0.049074
0 0.957552 0.718056 0.015104 0.050926
