0 0.380990 0.708796 0.014063 0.045370
0 0.391927 0.756019 0.013021 0.028704
0 0.630469 0.708796 0.016146 0.037963
0 0.591146 0.685648 0.011458 0.030556
0 0.925781 0.677315 0.010937 0.039815
0 0.872656 0.675926 0.010937 0.033333
0 0.890625 0.693519 0.012500 0.025926
0 0.816146 0.381019 0.007292 0.021296
0 0.784375 0.481019 0.009375 0.032407
0 0.603646 0.567593 0.011458 0.042593
0 0.585417 0.403241 0.005208 0.019444
0 0.594010 0.407870 0.005729 0.023148
0 0.596094 0.400926 0.005729 0.018519
1 0.478125 0.393519 0.030208 0.062963
0 0.801562 0.338426 0.004167 0.019444
0 0.805469 0.338426 0.004687 0.019444
0 0.453646 0.745833 0.013542 0.041667
1 0.288281 0.461574 0.063021 0.052778
